
### PCA 4 year


col.c <- c("#fee090", "#fdae61", "#f46d43", "#d73027", "#a50026")
col.s <- c("#e0f3f8", "#abd9e9", "#74add1", "#4575b4", "#313695")



